[gd_scene load_steps=5 format=2]

[ext_resource path="res://Assets/new_models_player/yBot/ybot.dae" type="PackedScene" id=1]
[ext_resource path="res://Assets/topHatRough/topHatRough.obj" type="ArrayMesh" id=2]
[ext_resource path="res://Assets/new_models_player/animations/animationWalk.tres" type="Animation" id=3]
[ext_resource path="res://Assets/new_models_player/animations/animationIdle.tres" type="Animation" id=4]

[node name="ybot" instance=ExtResource( 1 )]

[node name="Skeleton" parent="." index="0"]
bones/4/bound_children = [ NodePath("BackAttachment") ]
bones/5/bound_children = [ NodePath("HeadAttachment") ]
bones/37/bound_children = [ NodePath("FlashlightAttachment") ]

[node name="HeadAttachment" type="BoneAttachment" parent="Skeleton" index="2"]
transform = Transform( 0.999444, 0.0192972, -0.027231, -0.019609, 0.999745, -0.0112316, 0.0270072, 0.0117593, 0.999566, 0.0230683, 1.58619, 0.0686905 )
bone_name = "mixamorig_Head"

[node name="MeshInstance" type="MeshInstance" parent="Skeleton/HeadAttachment" index="0"]
transform = Transform( 0.4, 0, 0, 0, 0.4, 0, 0, 0, 0.4, 0, 0.125292, 0 )
mesh = ExtResource( 2 )
material/0 = null
material/1 = null

[node name="BackAttachment" type="BoneAttachment" parent="Skeleton" index="3"]
transform = Transform( 0.999463, -0.0181013, 0.0273486, 0.0198779, 0.997612, -0.0661465, -0.026086, 0.0666545, 0.997435, 0.0240773, 1.4853, 0.0304669 )
bone_name = "mixamorig_Neck"

[node name="MeshInstance" type="MeshInstance" parent="Skeleton/BackAttachment" index="0"]

[node name="FlashlightAttachment" type="BoneAttachment" parent="Skeleton" index="4"]
transform = Transform( -0.564448, -0.767401, 0.304134, 0.786528, -0.611812, -0.0840138, 0.250545, 0.191788, 0.948918, -0.242739, 0.717555, -0.0296529 )
bone_name = "mixamorig_RightHandMiddle1"

[node name="CSGCylinder" type="CSGCylinder" parent="Skeleton/FlashlightAttachment" index="0"]
transform = Transform( 1, 0, 0, 0, -4.37103e-08, -1, 0, 1, -4.37103e-08, 0.0488461, -0.0350053, 1.82167e-06 )
radius = 0.025
height = 0.15
sides = 32

[node name="CSGCylinder2" type="CSGCylinder" parent="Skeleton/FlashlightAttachment" index="1"]
transform = Transform( 1, 0, 0, 0, -4.37103e-08, -1, 0, 1, -4.37103e-08, 0.0488461, -0.0350014, 0.0764418 )
radius = 0.05
height = 0.02
sides = 32

[node name="SpotLight" type="SpotLight" parent="Skeleton/FlashlightAttachment" index="2"]
transform = Transform( 1, 0, 0, 0, -1, 8.74243e-08, 0, -8.74243e-08, -1, 0, 5.00679e-06, 0.0967766 )

[node name="AnimationPlayer" parent="." index="1"]
anims/animationIdle = ExtResource( 4 )
anims/animationWalk = ExtResource( 3 )
